{
 "cells": [
  {
   "cell_type": "markdown",
   "id": "efba576c",
   "metadata": {},
   "source": [
    "# Reinforcement Learning with ETH/USD Data"
   ]
  },
  {
   "cell_type": "code",
   "execution_count": 37,
   "id": "f1c62481",
   "metadata": {},
   "outputs": [],
   "source": [
    "# Gym stuff\n",
    "import gym\n",
    "import gym_anytrading\n",
    "from gym_anytrading.envs import TradingEnv, ForexEnv, ForexEnv, Actions, Positions \n",
    "\n",
    "#rl stuff\n",
    "from stable_baselines3.common.vec_env import DummyVecEnv\n",
    "from stable_baselines3 import A2C\n",
    "from stable_baselines3.common.callbacks import EvalCallback, StopTrainingOnNoModelImprovement\n",
    "\n",
    "# Processing libraries\n",
    "import numpy as np\n",
    "import pandas as pd\n",
    "from matplotlib import pyplot as plt\n",
    "import sqlite3"
   ]
  },
  {
   "cell_type": "code",
   "execution_count": 38,
   "id": "24d62c3e",
   "metadata": {},
   "outputs": [
    {
     "data": {
      "text/html": [
       "<div>\n",
       "<style scoped>\n",
       "    .dataframe tbody tr th:only-of-type {\n",
       "        vertical-align: middle;\n",
       "    }\n",
       "\n",
       "    .dataframe tbody tr th {\n",
       "        vertical-align: top;\n",
       "    }\n",
       "\n",
       "    .dataframe thead th {\n",
       "        text-align: right;\n",
       "    }\n",
       "</style>\n",
       "<table border=\"1\" class=\"dataframe\">\n",
       "  <thead>\n",
       "    <tr style=\"text-align: right;\">\n",
       "      <th></th>\n",
       "      <th>id</th>\n",
       "      <th>name</th>\n",
       "      <th>date</th>\n",
       "      <th>high</th>\n",
       "      <th>low</th>\n",
       "      <th>close</th>\n",
       "      <th>high_perc</th>\n",
       "      <th>low_perc</th>\n",
       "      <th>price_chg</th>\n",
       "      <th>massi</th>\n",
       "      <th>mfi</th>\n",
       "      <th>adx</th>\n",
       "      <th>dmp</th>\n",
       "      <th>dmn</th>\n",
       "      <th>rsi</th>\n",
       "      <th>slowd</th>\n",
       "      <th>slowk</th>\n",
       "      <th>target</th>\n",
       "    </tr>\n",
       "  </thead>\n",
       "  <tbody>\n",
       "    <tr>\n",
       "      <th>0</th>\n",
       "      <td>1</td>\n",
       "      <td>ETH-USD</td>\n",
       "      <td>2017-11-09 00:00:00</td>\n",
       "      <td>329.451996</td>\n",
       "      <td>307.056000</td>\n",
       "      <td>320.884003</td>\n",
       "      <td>-2.670122</td>\n",
       "      <td>4.309346</td>\n",
       "      <td>NaN</td>\n",
       "      <td>NaN</td>\n",
       "      <td>NaN</td>\n",
       "      <td>NaN</td>\n",
       "      <td>NaN</td>\n",
       "      <td>NaN</td>\n",
       "      <td>NaN</td>\n",
       "      <td>NaN</td>\n",
       "      <td>NaN</td>\n",
       "      <td>NaN</td>\n",
       "    </tr>\n",
       "    <tr>\n",
       "      <th>1</th>\n",
       "      <td>2</td>\n",
       "      <td>ETH-USD</td>\n",
       "      <td>2017-11-10 00:00:00</td>\n",
       "      <td>324.717987</td>\n",
       "      <td>294.541992</td>\n",
       "      <td>299.252991</td>\n",
       "      <td>-8.509521</td>\n",
       "      <td>1.574253</td>\n",
       "      <td>NaN</td>\n",
       "      <td>NaN</td>\n",
       "      <td>NaN</td>\n",
       "      <td>NaN</td>\n",
       "      <td>NaN</td>\n",
       "      <td>NaN</td>\n",
       "      <td>NaN</td>\n",
       "      <td>NaN</td>\n",
       "      <td>NaN</td>\n",
       "      <td>NaN</td>\n",
       "    </tr>\n",
       "    <tr>\n",
       "      <th>2</th>\n",
       "      <td>3</td>\n",
       "      <td>ETH-USD</td>\n",
       "      <td>2017-11-11 00:00:00</td>\n",
       "      <td>319.453003</td>\n",
       "      <td>298.191986</td>\n",
       "      <td>314.681000</td>\n",
       "      <td>-1.516457</td>\n",
       "      <td>5.239914</td>\n",
       "      <td>NaN</td>\n",
       "      <td>NaN</td>\n",
       "      <td>NaN</td>\n",
       "      <td>NaN</td>\n",
       "      <td>NaN</td>\n",
       "      <td>NaN</td>\n",
       "      <td>NaN</td>\n",
       "      <td>NaN</td>\n",
       "      <td>NaN</td>\n",
       "      <td>NaN</td>\n",
       "    </tr>\n",
       "    <tr>\n",
       "      <th>3</th>\n",
       "      <td>4</td>\n",
       "      <td>ETH-USD</td>\n",
       "      <td>2017-11-12 00:00:00</td>\n",
       "      <td>319.153015</td>\n",
       "      <td>298.513000</td>\n",
       "      <td>307.907990</td>\n",
       "      <td>-3.652073</td>\n",
       "      <td>3.051233</td>\n",
       "      <td>NaN</td>\n",
       "      <td>NaN</td>\n",
       "      <td>NaN</td>\n",
       "      <td>NaN</td>\n",
       "      <td>NaN</td>\n",
       "      <td>NaN</td>\n",
       "      <td>NaN</td>\n",
       "      <td>NaN</td>\n",
       "      <td>NaN</td>\n",
       "      <td>NaN</td>\n",
       "    </tr>\n",
       "    <tr>\n",
       "      <th>4</th>\n",
       "      <td>5</td>\n",
       "      <td>ETH-USD</td>\n",
       "      <td>2017-11-13 00:00:00</td>\n",
       "      <td>328.415009</td>\n",
       "      <td>307.024994</td>\n",
       "      <td>316.716003</td>\n",
       "      <td>-3.693847</td>\n",
       "      <td>3.059842</td>\n",
       "      <td>NaN</td>\n",
       "      <td>NaN</td>\n",
       "      <td>NaN</td>\n",
       "      <td>NaN</td>\n",
       "      <td>NaN</td>\n",
       "      <td>NaN</td>\n",
       "      <td>NaN</td>\n",
       "      <td>NaN</td>\n",
       "      <td>NaN</td>\n",
       "      <td>NaN</td>\n",
       "    </tr>\n",
       "    <tr>\n",
       "      <th>...</th>\n",
       "      <td>...</td>\n",
       "      <td>...</td>\n",
       "      <td>...</td>\n",
       "      <td>...</td>\n",
       "      <td>...</td>\n",
       "      <td>...</td>\n",
       "      <td>...</td>\n",
       "      <td>...</td>\n",
       "      <td>...</td>\n",
       "      <td>...</td>\n",
       "      <td>...</td>\n",
       "      <td>...</td>\n",
       "      <td>...</td>\n",
       "      <td>...</td>\n",
       "      <td>...</td>\n",
       "      <td>...</td>\n",
       "      <td>...</td>\n",
       "      <td>...</td>\n",
       "    </tr>\n",
       "    <tr>\n",
       "      <th>1712</th>\n",
       "      <td>1713</td>\n",
       "      <td>ETH-USD</td>\n",
       "      <td>2022-07-18 00:00:00</td>\n",
       "      <td>1578.717896</td>\n",
       "      <td>1338.806030</td>\n",
       "      <td>1578.717896</td>\n",
       "      <td>0.000000</td>\n",
       "      <td>15.196627</td>\n",
       "      <td>-1.234117</td>\n",
       "      <td>23.354337</td>\n",
       "      <td>81.382805</td>\n",
       "      <td>28.736354</td>\n",
       "      <td>38.753241</td>\n",
       "      <td>19.256374</td>\n",
       "      <td>68.958568</td>\n",
       "      <td>88.238133</td>\n",
       "      <td>93.955666</td>\n",
       "      <td>0.0</td>\n",
       "    </tr>\n",
       "    <tr>\n",
       "      <th>1713</th>\n",
       "      <td>1714</td>\n",
       "      <td>ETH-USD</td>\n",
       "      <td>2022-07-19 00:00:00</td>\n",
       "      <td>1607.033081</td>\n",
       "      <td>1501.797485</td>\n",
       "      <td>1542.975220</td>\n",
       "      <td>-4.151581</td>\n",
       "      <td>2.668723</td>\n",
       "      <td>-0.454236</td>\n",
       "      <td>23.707789</td>\n",
       "      <td>82.938091</td>\n",
       "      <td>29.256387</td>\n",
       "      <td>37.864446</td>\n",
       "      <td>17.811679</td>\n",
       "      <td>66.179043</td>\n",
       "      <td>91.681954</td>\n",
       "      <td>92.675718</td>\n",
       "      <td>0.0</td>\n",
       "    </tr>\n",
       "    <tr>\n",
       "      <th>1714</th>\n",
       "      <td>1715</td>\n",
       "      <td>ETH-USD</td>\n",
       "      <td>2022-07-20 00:00:00</td>\n",
       "      <td>1612.645752</td>\n",
       "      <td>1500.803223</td>\n",
       "      <td>1520.200684</td>\n",
       "      <td>-6.081110</td>\n",
       "      <td>1.275980</td>\n",
       "      <td>-4.157531</td>\n",
       "      <td>24.043306</td>\n",
       "      <td>72.597124</td>\n",
       "      <td>29.774375</td>\n",
       "      <td>35.267056</td>\n",
       "      <td>16.403174</td>\n",
       "      <td>64.397890</td>\n",
       "      <td>92.602030</td>\n",
       "      <td>91.174708</td>\n",
       "      <td>0.0</td>\n",
       "    </tr>\n",
       "    <tr>\n",
       "      <th>1715</th>\n",
       "      <td>1716</td>\n",
       "      <td>ETH-USD</td>\n",
       "      <td>2022-07-21 00:00:00</td>\n",
       "      <td>1595.761963</td>\n",
       "      <td>1472.185425</td>\n",
       "      <td>1576.749512</td>\n",
       "      <td>-1.205800</td>\n",
       "      <td>6.631623</td>\n",
       "      <td>-6.485843</td>\n",
       "      <td>24.364537</td>\n",
       "      <td>73.740701</td>\n",
       "      <td>29.860799</td>\n",
       "      <td>32.233993</td>\n",
       "      <td>16.984104</td>\n",
       "      <td>66.788085</td>\n",
       "      <td>91.002935</td>\n",
       "      <td>89.158378</td>\n",
       "      <td>0.0</td>\n",
       "    </tr>\n",
       "    <tr>\n",
       "      <th>1716</th>\n",
       "      <td>1717</td>\n",
       "      <td>ETH-USD</td>\n",
       "      <td>2022-07-22 00:00:00</td>\n",
       "      <td>1595.750610</td>\n",
       "      <td>1560.727051</td>\n",
       "      <td>1594.228516</td>\n",
       "      <td>-0.095475</td>\n",
       "      <td>2.101422</td>\n",
       "      <td>NaN</td>\n",
       "      <td>24.561642</td>\n",
       "      <td>74.475092</td>\n",
       "      <td>29.941050</td>\n",
       "      <td>31.409509</td>\n",
       "      <td>16.549683</td>\n",
       "      <td>67.514075</td>\n",
       "      <td>90.696501</td>\n",
       "      <td>91.756417</td>\n",
       "      <td>NaN</td>\n",
       "    </tr>\n",
       "  </tbody>\n",
       "</table>\n",
       "<p>1717 rows × 18 columns</p>\n",
       "</div>"
      ],
      "text/plain": [
       "        id     name                 date         high          low  \\\n",
       "0        1  ETH-USD  2017-11-09 00:00:00   329.451996   307.056000   \n",
       "1        2  ETH-USD  2017-11-10 00:00:00   324.717987   294.541992   \n",
       "2        3  ETH-USD  2017-11-11 00:00:00   319.453003   298.191986   \n",
       "3        4  ETH-USD  2017-11-12 00:00:00   319.153015   298.513000   \n",
       "4        5  ETH-USD  2017-11-13 00:00:00   328.415009   307.024994   \n",
       "...    ...      ...                  ...          ...          ...   \n",
       "1712  1713  ETH-USD  2022-07-18 00:00:00  1578.717896  1338.806030   \n",
       "1713  1714  ETH-USD  2022-07-19 00:00:00  1607.033081  1501.797485   \n",
       "1714  1715  ETH-USD  2022-07-20 00:00:00  1612.645752  1500.803223   \n",
       "1715  1716  ETH-USD  2022-07-21 00:00:00  1595.761963  1472.185425   \n",
       "1716  1717  ETH-USD  2022-07-22 00:00:00  1595.750610  1560.727051   \n",
       "\n",
       "            close  high_perc   low_perc  price_chg      massi        mfi  \\\n",
       "0      320.884003  -2.670122   4.309346        NaN        NaN        NaN   \n",
       "1      299.252991  -8.509521   1.574253        NaN        NaN        NaN   \n",
       "2      314.681000  -1.516457   5.239914        NaN        NaN        NaN   \n",
       "3      307.907990  -3.652073   3.051233        NaN        NaN        NaN   \n",
       "4      316.716003  -3.693847   3.059842        NaN        NaN        NaN   \n",
       "...           ...        ...        ...        ...        ...        ...   \n",
       "1712  1578.717896   0.000000  15.196627  -1.234117  23.354337  81.382805   \n",
       "1713  1542.975220  -4.151581   2.668723  -0.454236  23.707789  82.938091   \n",
       "1714  1520.200684  -6.081110   1.275980  -4.157531  24.043306  72.597124   \n",
       "1715  1576.749512  -1.205800   6.631623  -6.485843  24.364537  73.740701   \n",
       "1716  1594.228516  -0.095475   2.101422        NaN  24.561642  74.475092   \n",
       "\n",
       "            adx        dmp        dmn        rsi      slowd      slowk  target  \n",
       "0           NaN        NaN        NaN        NaN        NaN        NaN     NaN  \n",
       "1           NaN        NaN        NaN        NaN        NaN        NaN     NaN  \n",
       "2           NaN        NaN        NaN        NaN        NaN        NaN     NaN  \n",
       "3           NaN        NaN        NaN        NaN        NaN        NaN     NaN  \n",
       "4           NaN        NaN        NaN        NaN        NaN        NaN     NaN  \n",
       "...         ...        ...        ...        ...        ...        ...     ...  \n",
       "1712  28.736354  38.753241  19.256374  68.958568  88.238133  93.955666     0.0  \n",
       "1713  29.256387  37.864446  17.811679  66.179043  91.681954  92.675718     0.0  \n",
       "1714  29.774375  35.267056  16.403174  64.397890  92.602030  91.174708     0.0  \n",
       "1715  29.860799  32.233993  16.984104  66.788085  91.002935  89.158378     0.0  \n",
       "1716  29.941050  31.409509  16.549683  67.514075  90.696501  91.756417     NaN  \n",
       "\n",
       "[1717 rows x 18 columns]"
      ]
     },
     "execution_count": 38,
     "metadata": {},
     "output_type": "execute_result"
    }
   ],
   "source": [
    "database = sqlite3.connect(\"eth_usd_one_day_all_inds.sqlite\")\n",
    "df = pd.read_sql_query(\"SELECT * FROM prices\", database)\n",
    "\n",
    "df"
   ]
  },
  {
   "cell_type": "code",
   "execution_count": 39,
   "id": "779346b7",
   "metadata": {},
   "outputs": [
    {
     "data": {
      "text/plain": [
       "id                    int64\n",
       "name                 object\n",
       "high                float64\n",
       "low                 float64\n",
       "close               float64\n",
       "high_perc           float64\n",
       "low_perc            float64\n",
       "price_chg           float64\n",
       "massi               float64\n",
       "mfi                 float64\n",
       "adx                 float64\n",
       "dmp                 float64\n",
       "dmn                 float64\n",
       "rsi                 float64\n",
       "slowd               float64\n",
       "slowk               float64\n",
       "target              float64\n",
       "Date         datetime64[ns]\n",
       "dtype: object"
      ]
     },
     "execution_count": 39,
     "metadata": {},
     "output_type": "execute_result"
    }
   ],
   "source": [
    "df['Date'] = pd.to_datetime(df['date'])\n",
    "df.drop(['date'], axis=1, inplace=True)\n",
    "df.dtypes"
   ]
  },
  {
   "cell_type": "code",
   "execution_count": 40,
   "id": "732d4594",
   "metadata": {},
   "outputs": [
    {
     "data": {
      "text/plain": [
       "Index(['id', 'name', 'high', 'low', 'close', 'high_perc', 'low_perc',\n",
       "       'price_chg', 'massi', 'mfi', 'adx', 'dmp', 'dmn', 'rsi', 'slowd',\n",
       "       'slowk', 'target', 'Date'],\n",
       "      dtype='object')"
      ]
     },
     "execution_count": 40,
     "metadata": {},
     "output_type": "execute_result"
    }
   ],
   "source": [
    "df.columns"
   ]
  },
  {
   "cell_type": "code",
   "execution_count": 41,
   "id": "b954e171",
   "metadata": {},
   "outputs": [
    {
     "data": {
      "text/html": [
       "<div>\n",
       "<style scoped>\n",
       "    .dataframe tbody tr th:only-of-type {\n",
       "        vertical-align: middle;\n",
       "    }\n",
       "\n",
       "    .dataframe tbody tr th {\n",
       "        vertical-align: top;\n",
       "    }\n",
       "\n",
       "    .dataframe thead th {\n",
       "        text-align: right;\n",
       "    }\n",
       "</style>\n",
       "<table border=\"1\" class=\"dataframe\">\n",
       "  <thead>\n",
       "    <tr style=\"text-align: right;\">\n",
       "      <th></th>\n",
       "      <th>high</th>\n",
       "      <th>low</th>\n",
       "      <th>high_perc</th>\n",
       "      <th>low_perc</th>\n",
       "      <th>price_chg</th>\n",
       "      <th>massi</th>\n",
       "      <th>mfi</th>\n",
       "      <th>adx</th>\n",
       "      <th>dmp</th>\n",
       "      <th>dmn</th>\n",
       "      <th>rsi</th>\n",
       "      <th>slowd</th>\n",
       "      <th>slowk</th>\n",
       "      <th>Close</th>\n",
       "    </tr>\n",
       "    <tr>\n",
       "      <th>Date</th>\n",
       "      <th></th>\n",
       "      <th></th>\n",
       "      <th></th>\n",
       "      <th></th>\n",
       "      <th></th>\n",
       "      <th></th>\n",
       "      <th></th>\n",
       "      <th></th>\n",
       "      <th></th>\n",
       "      <th></th>\n",
       "      <th></th>\n",
       "      <th></th>\n",
       "      <th></th>\n",
       "      <th></th>\n",
       "    </tr>\n",
       "  </thead>\n",
       "  <tbody>\n",
       "    <tr>\n",
       "      <th>2017-12-11</th>\n",
       "      <td>516.968994</td>\n",
       "      <td>439.104004</td>\n",
       "      <td>-0.355830</td>\n",
       "      <td>14.759594</td>\n",
       "      <td>4.163843</td>\n",
       "      <td>27.662598</td>\n",
       "      <td>41.392270</td>\n",
       "      <td>29.453226</td>\n",
       "      <td>31.321265</td>\n",
       "      <td>18.180044</td>\n",
       "      <td>66.967208</td>\n",
       "      <td>50.879146</td>\n",
       "      <td>62.399498</td>\n",
       "      <td>515.135986</td>\n",
       "    </tr>\n",
       "    <tr>\n",
       "      <th>2017-12-12</th>\n",
       "      <td>657.317993</td>\n",
       "      <td>504.493988</td>\n",
       "      <td>-0.903697</td>\n",
       "      <td>22.556040</td>\n",
       "      <td>-0.666957</td>\n",
       "      <td>28.204370</td>\n",
       "      <td>57.554122</td>\n",
       "      <td>31.787895</td>\n",
       "      <td>46.515584</td>\n",
       "      <td>13.615391</td>\n",
       "      <td>78.614608</td>\n",
       "      <td>61.198741</td>\n",
       "      <td>75.070985</td>\n",
       "      <td>651.431030</td>\n",
       "    </tr>\n",
       "    <tr>\n",
       "      <th>2017-12-13</th>\n",
       "      <td>747.992981</td>\n",
       "      <td>597.797974</td>\n",
       "      <td>-6.435412</td>\n",
       "      <td>14.936537</td>\n",
       "      <td>0.516041</td>\n",
       "      <td>28.799934</td>\n",
       "      <td>71.137688</td>\n",
       "      <td>34.726595</td>\n",
       "      <td>49.424635</td>\n",
       "      <td>10.756839</td>\n",
       "      <td>81.290521</td>\n",
       "      <td>76.794042</td>\n",
       "      <td>92.911645</td>\n",
       "      <td>702.767029</td>\n",
       "    </tr>\n",
       "    <tr>\n",
       "      <th>2017-12-14</th>\n",
       "      <td>753.120972</td>\n",
       "      <td>664.989014</td>\n",
       "      <td>-8.235653</td>\n",
       "      <td>4.430333</td>\n",
       "      <td>0.925346</td>\n",
       "      <td>29.173858</td>\n",
       "      <td>79.337011</td>\n",
       "      <td>37.389421</td>\n",
       "      <td>44.316978</td>\n",
       "      <td>9.496872</td>\n",
       "      <td>79.833871</td>\n",
       "      <td>85.743061</td>\n",
       "      <td>89.246554</td>\n",
       "      <td>695.815979</td>\n",
       "    </tr>\n",
       "    <tr>\n",
       "      <th>2017-12-15</th>\n",
       "      <td>697.132019</td>\n",
       "      <td>621.060974</td>\n",
       "      <td>-1.853175</td>\n",
       "      <td>9.261043</td>\n",
       "      <td>-1.494342</td>\n",
       "      <td>29.440278</td>\n",
       "      <td>70.558723</td>\n",
       "      <td>38.269918</td>\n",
       "      <td>39.965558</td>\n",
       "      <td>14.234391</td>\n",
       "      <td>77.391422</td>\n",
       "      <td>88.470924</td>\n",
       "      <td>83.254574</td>\n",
       "      <td>684.447998</td>\n",
       "    </tr>\n",
       "    <tr>\n",
       "      <th>...</th>\n",
       "      <td>...</td>\n",
       "      <td>...</td>\n",
       "      <td>...</td>\n",
       "      <td>...</td>\n",
       "      <td>...</td>\n",
       "      <td>...</td>\n",
       "      <td>...</td>\n",
       "      <td>...</td>\n",
       "      <td>...</td>\n",
       "      <td>...</td>\n",
       "      <td>...</td>\n",
       "      <td>...</td>\n",
       "      <td>...</td>\n",
       "      <td>...</td>\n",
       "    </tr>\n",
       "    <tr>\n",
       "      <th>2022-07-17</th>\n",
       "      <td>1378.417480</td>\n",
       "      <td>1329.763306</td>\n",
       "      <td>-2.971812</td>\n",
       "      <td>0.662797</td>\n",
       "      <td>4.090147</td>\n",
       "      <td>22.880627</td>\n",
       "      <td>79.423823</td>\n",
       "      <td>28.361480</td>\n",
       "      <td>29.484041</td>\n",
       "      <td>23.251547</td>\n",
       "      <td>57.940605</td>\n",
       "      <td>78.615488</td>\n",
       "      <td>88.414479</td>\n",
       "      <td>1338.635742</td>\n",
       "    </tr>\n",
       "    <tr>\n",
       "      <th>2022-07-18</th>\n",
       "      <td>1578.717896</td>\n",
       "      <td>1338.806030</td>\n",
       "      <td>0.000000</td>\n",
       "      <td>15.196627</td>\n",
       "      <td>-1.234117</td>\n",
       "      <td>23.354337</td>\n",
       "      <td>81.382805</td>\n",
       "      <td>28.736354</td>\n",
       "      <td>38.753241</td>\n",
       "      <td>19.256374</td>\n",
       "      <td>68.958568</td>\n",
       "      <td>88.238133</td>\n",
       "      <td>93.955666</td>\n",
       "      <td>1578.717896</td>\n",
       "    </tr>\n",
       "    <tr>\n",
       "      <th>2022-07-19</th>\n",
       "      <td>1607.033081</td>\n",
       "      <td>1501.797485</td>\n",
       "      <td>-4.151581</td>\n",
       "      <td>2.668723</td>\n",
       "      <td>-0.454236</td>\n",
       "      <td>23.707789</td>\n",
       "      <td>82.938091</td>\n",
       "      <td>29.256387</td>\n",
       "      <td>37.864446</td>\n",
       "      <td>17.811679</td>\n",
       "      <td>66.179043</td>\n",
       "      <td>91.681954</td>\n",
       "      <td>92.675718</td>\n",
       "      <td>1542.975220</td>\n",
       "    </tr>\n",
       "    <tr>\n",
       "      <th>2022-07-20</th>\n",
       "      <td>1612.645752</td>\n",
       "      <td>1500.803223</td>\n",
       "      <td>-6.081110</td>\n",
       "      <td>1.275980</td>\n",
       "      <td>-4.157531</td>\n",
       "      <td>24.043306</td>\n",
       "      <td>72.597124</td>\n",
       "      <td>29.774375</td>\n",
       "      <td>35.267056</td>\n",
       "      <td>16.403174</td>\n",
       "      <td>64.397890</td>\n",
       "      <td>92.602030</td>\n",
       "      <td>91.174708</td>\n",
       "      <td>1520.200684</td>\n",
       "    </tr>\n",
       "    <tr>\n",
       "      <th>2022-07-21</th>\n",
       "      <td>1595.761963</td>\n",
       "      <td>1472.185425</td>\n",
       "      <td>-1.205800</td>\n",
       "      <td>6.631623</td>\n",
       "      <td>-6.485843</td>\n",
       "      <td>24.364537</td>\n",
       "      <td>73.740701</td>\n",
       "      <td>29.860799</td>\n",
       "      <td>32.233993</td>\n",
       "      <td>16.984104</td>\n",
       "      <td>66.788085</td>\n",
       "      <td>91.002935</td>\n",
       "      <td>89.158378</td>\n",
       "      <td>1576.749512</td>\n",
       "    </tr>\n",
       "  </tbody>\n",
       "</table>\n",
       "<p>1684 rows × 14 columns</p>\n",
       "</div>"
      ],
      "text/plain": [
       "                   high          low  high_perc   low_perc  price_chg  \\\n",
       "Date                                                                    \n",
       "2017-12-11   516.968994   439.104004  -0.355830  14.759594   4.163843   \n",
       "2017-12-12   657.317993   504.493988  -0.903697  22.556040  -0.666957   \n",
       "2017-12-13   747.992981   597.797974  -6.435412  14.936537   0.516041   \n",
       "2017-12-14   753.120972   664.989014  -8.235653   4.430333   0.925346   \n",
       "2017-12-15   697.132019   621.060974  -1.853175   9.261043  -1.494342   \n",
       "...                 ...          ...        ...        ...        ...   \n",
       "2022-07-17  1378.417480  1329.763306  -2.971812   0.662797   4.090147   \n",
       "2022-07-18  1578.717896  1338.806030   0.000000  15.196627  -1.234117   \n",
       "2022-07-19  1607.033081  1501.797485  -4.151581   2.668723  -0.454236   \n",
       "2022-07-20  1612.645752  1500.803223  -6.081110   1.275980  -4.157531   \n",
       "2022-07-21  1595.761963  1472.185425  -1.205800   6.631623  -6.485843   \n",
       "\n",
       "                massi        mfi        adx        dmp        dmn        rsi  \\\n",
       "Date                                                                           \n",
       "2017-12-11  27.662598  41.392270  29.453226  31.321265  18.180044  66.967208   \n",
       "2017-12-12  28.204370  57.554122  31.787895  46.515584  13.615391  78.614608   \n",
       "2017-12-13  28.799934  71.137688  34.726595  49.424635  10.756839  81.290521   \n",
       "2017-12-14  29.173858  79.337011  37.389421  44.316978   9.496872  79.833871   \n",
       "2017-12-15  29.440278  70.558723  38.269918  39.965558  14.234391  77.391422   \n",
       "...               ...        ...        ...        ...        ...        ...   \n",
       "2022-07-17  22.880627  79.423823  28.361480  29.484041  23.251547  57.940605   \n",
       "2022-07-18  23.354337  81.382805  28.736354  38.753241  19.256374  68.958568   \n",
       "2022-07-19  23.707789  82.938091  29.256387  37.864446  17.811679  66.179043   \n",
       "2022-07-20  24.043306  72.597124  29.774375  35.267056  16.403174  64.397890   \n",
       "2022-07-21  24.364537  73.740701  29.860799  32.233993  16.984104  66.788085   \n",
       "\n",
       "                slowd      slowk        Close  \n",
       "Date                                           \n",
       "2017-12-11  50.879146  62.399498   515.135986  \n",
       "2017-12-12  61.198741  75.070985   651.431030  \n",
       "2017-12-13  76.794042  92.911645   702.767029  \n",
       "2017-12-14  85.743061  89.246554   695.815979  \n",
       "2017-12-15  88.470924  83.254574   684.447998  \n",
       "...               ...        ...          ...  \n",
       "2022-07-17  78.615488  88.414479  1338.635742  \n",
       "2022-07-18  88.238133  93.955666  1578.717896  \n",
       "2022-07-19  91.681954  92.675718  1542.975220  \n",
       "2022-07-20  92.602030  91.174708  1520.200684  \n",
       "2022-07-21  91.002935  89.158378  1576.749512  \n",
       "\n",
       "[1684 rows x 14 columns]"
      ]
     },
     "execution_count": 41,
     "metadata": {},
     "output_type": "execute_result"
    }
   ],
   "source": [
    "df.drop([ \"id\", \"name\", \"target\" ], axis=1, inplace=True)\n",
    "df.dropna(inplace=True)\n",
    "df.set_index('Date', inplace=True)\n",
    "df['Close'] = df['close']\n",
    "df.drop([ \"close\" ], axis=1, inplace=True)\n",
    "df"
   ]
  },
  {
   "cell_type": "code",
   "execution_count": 42,
   "id": "f1c56f67",
   "metadata": {},
   "outputs": [
    {
     "data": {
      "text/html": [
       "<div>\n",
       "<style scoped>\n",
       "    .dataframe tbody tr th:only-of-type {\n",
       "        vertical-align: middle;\n",
       "    }\n",
       "\n",
       "    .dataframe tbody tr th {\n",
       "        vertical-align: top;\n",
       "    }\n",
       "\n",
       "    .dataframe thead th {\n",
       "        text-align: right;\n",
       "    }\n",
       "</style>\n",
       "<table border=\"1\" class=\"dataframe\">\n",
       "  <thead>\n",
       "    <tr style=\"text-align: right;\">\n",
       "      <th></th>\n",
       "      <th>high</th>\n",
       "      <th>low</th>\n",
       "      <th>high_perc</th>\n",
       "      <th>low_perc</th>\n",
       "      <th>price_chg</th>\n",
       "      <th>massi</th>\n",
       "      <th>mfi</th>\n",
       "      <th>adx</th>\n",
       "      <th>dmp</th>\n",
       "      <th>dmn</th>\n",
       "      <th>rsi</th>\n",
       "      <th>slowd</th>\n",
       "      <th>slowk</th>\n",
       "      <th>Close</th>\n",
       "    </tr>\n",
       "    <tr>\n",
       "      <th>Date</th>\n",
       "      <th></th>\n",
       "      <th></th>\n",
       "      <th></th>\n",
       "      <th></th>\n",
       "      <th></th>\n",
       "      <th></th>\n",
       "      <th></th>\n",
       "      <th></th>\n",
       "      <th></th>\n",
       "      <th></th>\n",
       "      <th></th>\n",
       "      <th></th>\n",
       "      <th></th>\n",
       "      <th></th>\n",
       "    </tr>\n",
       "  </thead>\n",
       "  <tbody>\n",
       "    <tr>\n",
       "      <th>2022-07-21</th>\n",
       "      <td>1595.761963</td>\n",
       "      <td>1472.185425</td>\n",
       "      <td>-1.205800</td>\n",
       "      <td>6.631623</td>\n",
       "      <td>-6.485843</td>\n",
       "      <td>24.364537</td>\n",
       "      <td>73.740701</td>\n",
       "      <td>29.860799</td>\n",
       "      <td>32.233993</td>\n",
       "      <td>16.984104</td>\n",
       "      <td>66.788085</td>\n",
       "      <td>91.002935</td>\n",
       "      <td>89.158378</td>\n",
       "      <td>1576.749512</td>\n",
       "    </tr>\n",
       "    <tr>\n",
       "      <th>2022-07-20</th>\n",
       "      <td>1612.645752</td>\n",
       "      <td>1500.803223</td>\n",
       "      <td>-6.081110</td>\n",
       "      <td>1.275980</td>\n",
       "      <td>-4.157531</td>\n",
       "      <td>24.043306</td>\n",
       "      <td>72.597124</td>\n",
       "      <td>29.774375</td>\n",
       "      <td>35.267056</td>\n",
       "      <td>16.403174</td>\n",
       "      <td>64.397890</td>\n",
       "      <td>92.602030</td>\n",
       "      <td>91.174708</td>\n",
       "      <td>1520.200684</td>\n",
       "    </tr>\n",
       "    <tr>\n",
       "      <th>2022-07-19</th>\n",
       "      <td>1607.033081</td>\n",
       "      <td>1501.797485</td>\n",
       "      <td>-4.151581</td>\n",
       "      <td>2.668723</td>\n",
       "      <td>-0.454236</td>\n",
       "      <td>23.707789</td>\n",
       "      <td>82.938091</td>\n",
       "      <td>29.256387</td>\n",
       "      <td>37.864446</td>\n",
       "      <td>17.811679</td>\n",
       "      <td>66.179043</td>\n",
       "      <td>91.681954</td>\n",
       "      <td>92.675718</td>\n",
       "      <td>1542.975220</td>\n",
       "    </tr>\n",
       "    <tr>\n",
       "      <th>2022-07-18</th>\n",
       "      <td>1578.717896</td>\n",
       "      <td>1338.806030</td>\n",
       "      <td>0.000000</td>\n",
       "      <td>15.196627</td>\n",
       "      <td>-1.234117</td>\n",
       "      <td>23.354337</td>\n",
       "      <td>81.382805</td>\n",
       "      <td>28.736354</td>\n",
       "      <td>38.753241</td>\n",
       "      <td>19.256374</td>\n",
       "      <td>68.958568</td>\n",
       "      <td>88.238133</td>\n",
       "      <td>93.955666</td>\n",
       "      <td>1578.717896</td>\n",
       "    </tr>\n",
       "    <tr>\n",
       "      <th>2022-07-17</th>\n",
       "      <td>1378.417480</td>\n",
       "      <td>1329.763306</td>\n",
       "      <td>-2.971812</td>\n",
       "      <td>0.662797</td>\n",
       "      <td>4.090147</td>\n",
       "      <td>22.880627</td>\n",
       "      <td>79.423823</td>\n",
       "      <td>28.361480</td>\n",
       "      <td>29.484041</td>\n",
       "      <td>23.251547</td>\n",
       "      <td>57.940605</td>\n",
       "      <td>78.615488</td>\n",
       "      <td>88.414479</td>\n",
       "      <td>1338.635742</td>\n",
       "    </tr>\n",
       "    <tr>\n",
       "      <th>...</th>\n",
       "      <td>...</td>\n",
       "      <td>...</td>\n",
       "      <td>...</td>\n",
       "      <td>...</td>\n",
       "      <td>...</td>\n",
       "      <td>...</td>\n",
       "      <td>...</td>\n",
       "      <td>...</td>\n",
       "      <td>...</td>\n",
       "      <td>...</td>\n",
       "      <td>...</td>\n",
       "      <td>...</td>\n",
       "      <td>...</td>\n",
       "      <td>...</td>\n",
       "    </tr>\n",
       "    <tr>\n",
       "      <th>2017-12-15</th>\n",
       "      <td>697.132019</td>\n",
       "      <td>621.060974</td>\n",
       "      <td>-1.853175</td>\n",
       "      <td>9.261043</td>\n",
       "      <td>-1.494342</td>\n",
       "      <td>29.440278</td>\n",
       "      <td>70.558723</td>\n",
       "      <td>38.269918</td>\n",
       "      <td>39.965558</td>\n",
       "      <td>14.234391</td>\n",
       "      <td>77.391422</td>\n",
       "      <td>88.470924</td>\n",
       "      <td>83.254574</td>\n",
       "      <td>684.447998</td>\n",
       "    </tr>\n",
       "    <tr>\n",
       "      <th>2017-12-14</th>\n",
       "      <td>753.120972</td>\n",
       "      <td>664.989014</td>\n",
       "      <td>-8.235653</td>\n",
       "      <td>4.430333</td>\n",
       "      <td>0.925346</td>\n",
       "      <td>29.173858</td>\n",
       "      <td>79.337011</td>\n",
       "      <td>37.389421</td>\n",
       "      <td>44.316978</td>\n",
       "      <td>9.496872</td>\n",
       "      <td>79.833871</td>\n",
       "      <td>85.743061</td>\n",
       "      <td>89.246554</td>\n",
       "      <td>695.815979</td>\n",
       "    </tr>\n",
       "    <tr>\n",
       "      <th>2017-12-13</th>\n",
       "      <td>747.992981</td>\n",
       "      <td>597.797974</td>\n",
       "      <td>-6.435412</td>\n",
       "      <td>14.936537</td>\n",
       "      <td>0.516041</td>\n",
       "      <td>28.799934</td>\n",
       "      <td>71.137688</td>\n",
       "      <td>34.726595</td>\n",
       "      <td>49.424635</td>\n",
       "      <td>10.756839</td>\n",
       "      <td>81.290521</td>\n",
       "      <td>76.794042</td>\n",
       "      <td>92.911645</td>\n",
       "      <td>702.767029</td>\n",
       "    </tr>\n",
       "    <tr>\n",
       "      <th>2017-12-12</th>\n",
       "      <td>657.317993</td>\n",
       "      <td>504.493988</td>\n",
       "      <td>-0.903697</td>\n",
       "      <td>22.556040</td>\n",
       "      <td>-0.666957</td>\n",
       "      <td>28.204370</td>\n",
       "      <td>57.554122</td>\n",
       "      <td>31.787895</td>\n",
       "      <td>46.515584</td>\n",
       "      <td>13.615391</td>\n",
       "      <td>78.614608</td>\n",
       "      <td>61.198741</td>\n",
       "      <td>75.070985</td>\n",
       "      <td>651.431030</td>\n",
       "    </tr>\n",
       "    <tr>\n",
       "      <th>2017-12-11</th>\n",
       "      <td>516.968994</td>\n",
       "      <td>439.104004</td>\n",
       "      <td>-0.355830</td>\n",
       "      <td>14.759594</td>\n",
       "      <td>4.163843</td>\n",
       "      <td>27.662598</td>\n",
       "      <td>41.392270</td>\n",
       "      <td>29.453226</td>\n",
       "      <td>31.321265</td>\n",
       "      <td>18.180044</td>\n",
       "      <td>66.967208</td>\n",
       "      <td>50.879146</td>\n",
       "      <td>62.399498</td>\n",
       "      <td>515.135986</td>\n",
       "    </tr>\n",
       "  </tbody>\n",
       "</table>\n",
       "<p>1684 rows × 14 columns</p>\n",
       "</div>"
      ],
      "text/plain": [
       "                   high          low  high_perc   low_perc  price_chg  \\\n",
       "Date                                                                    \n",
       "2022-07-21  1595.761963  1472.185425  -1.205800   6.631623  -6.485843   \n",
       "2022-07-20  1612.645752  1500.803223  -6.081110   1.275980  -4.157531   \n",
       "2022-07-19  1607.033081  1501.797485  -4.151581   2.668723  -0.454236   \n",
       "2022-07-18  1578.717896  1338.806030   0.000000  15.196627  -1.234117   \n",
       "2022-07-17  1378.417480  1329.763306  -2.971812   0.662797   4.090147   \n",
       "...                 ...          ...        ...        ...        ...   \n",
       "2017-12-15   697.132019   621.060974  -1.853175   9.261043  -1.494342   \n",
       "2017-12-14   753.120972   664.989014  -8.235653   4.430333   0.925346   \n",
       "2017-12-13   747.992981   597.797974  -6.435412  14.936537   0.516041   \n",
       "2017-12-12   657.317993   504.493988  -0.903697  22.556040  -0.666957   \n",
       "2017-12-11   516.968994   439.104004  -0.355830  14.759594   4.163843   \n",
       "\n",
       "                massi        mfi        adx        dmp        dmn        rsi  \\\n",
       "Date                                                                           \n",
       "2022-07-21  24.364537  73.740701  29.860799  32.233993  16.984104  66.788085   \n",
       "2022-07-20  24.043306  72.597124  29.774375  35.267056  16.403174  64.397890   \n",
       "2022-07-19  23.707789  82.938091  29.256387  37.864446  17.811679  66.179043   \n",
       "2022-07-18  23.354337  81.382805  28.736354  38.753241  19.256374  68.958568   \n",
       "2022-07-17  22.880627  79.423823  28.361480  29.484041  23.251547  57.940605   \n",
       "...               ...        ...        ...        ...        ...        ...   \n",
       "2017-12-15  29.440278  70.558723  38.269918  39.965558  14.234391  77.391422   \n",
       "2017-12-14  29.173858  79.337011  37.389421  44.316978   9.496872  79.833871   \n",
       "2017-12-13  28.799934  71.137688  34.726595  49.424635  10.756839  81.290521   \n",
       "2017-12-12  28.204370  57.554122  31.787895  46.515584  13.615391  78.614608   \n",
       "2017-12-11  27.662598  41.392270  29.453226  31.321265  18.180044  66.967208   \n",
       "\n",
       "                slowd      slowk        Close  \n",
       "Date                                           \n",
       "2022-07-21  91.002935  89.158378  1576.749512  \n",
       "2022-07-20  92.602030  91.174708  1520.200684  \n",
       "2022-07-19  91.681954  92.675718  1542.975220  \n",
       "2022-07-18  88.238133  93.955666  1578.717896  \n",
       "2022-07-17  78.615488  88.414479  1338.635742  \n",
       "...               ...        ...          ...  \n",
       "2017-12-15  88.470924  83.254574   684.447998  \n",
       "2017-12-14  85.743061  89.246554   695.815979  \n",
       "2017-12-13  76.794042  92.911645   702.767029  \n",
       "2017-12-12  61.198741  75.070985   651.431030  \n",
       "2017-12-11  50.879146  62.399498   515.135986  \n",
       "\n",
       "[1684 rows x 14 columns]"
      ]
     },
     "execution_count": 42,
     "metadata": {},
     "output_type": "execute_result"
    }
   ],
   "source": [
    "df = df.iloc[::-1]\n",
    "df"
   ]
  },
  {
   "cell_type": "code",
   "execution_count": 43,
   "id": "21c3d60b",
   "metadata": {},
   "outputs": [],
   "source": [
    "def my_process_data(env):\n",
    "    start = env.frame_bound[0] - env.window_size\n",
    "    end = env.frame_bound[1]\n",
    "    prices = env.df.loc[:, 'Close'].to_numpy()[start:end]\n",
    "    signal_features = env.df.loc[:, ['Close', 'high', 'low']].to_numpy()[start:end]\n",
    "    return prices, signal_features\n",
    "\n",
    "#['Close', 'high_perc', 'low_perc', 'price_chg', 'massi', 'mfi', 'adx', 'dmp', 'dmn', 'rsi', 'slowd', 'slowk']\n",
    "\n",
    "\n",
    "class MyForexEnv(ForexEnv):\n",
    "    _process_data = my_process_data\n",
    "\n",
    "\n",
    "env = MyForexEnv(df=df, window_size=5, frame_bound=(5, 100))"
   ]
  },
  {
   "cell_type": "code",
   "execution_count": 44,
   "id": "7231ce28",
   "metadata": {},
   "outputs": [
    {
     "data": {
      "text/plain": [
       "array([[1576.74951172, 1595.76196289, 1472.1854248 ],\n",
